1 Hubei Xiaobei 123456789
2 Hubei 20160901001 20160901 Xiaoqian A 1 150.000000 20
3 20160901001 2016090100101 20160901 Tencent 233 2
3 20160901001 2016090100102 20160902 Renminribao 123456789 1
3 20160901001 2016090100103 20160902 CCTV 123456789 3
1 Beijing XiaoBei 123456789
2 Beijing 20160902001 20160902 Xiaozhao B 5 58.000000 8
3 20160902001 2016090200101 20160902 CCTV 123456789 3
2 Beijing 20160912001 20160912 XiaoWang E 6 10000.000000 -1
1 Jiangsu XiaoJiang 123456789
2 Jiangsu 20160828001 20160828 XiaoZheng D 4 550.000000 30
3 20160828001 2016082800101 20160902 CCTV 123456789 3
2 Jiangsu 20160920001 20160920 Xiaosu D 3 100.000000 20
1 Anhui XiaoAn 123456789
2 Anhui 20160901002 20160901 XiaoZhou F 3 1200.000000 -1
3 20160901002 2016090100201 20160901 Tencent 123456789123 4
3 20160901002 2016090100202 20160902 Renminribao 123456789 1
2 Anhui 20160918001 20160918 Xiaohui F 2 1200.000000 -1
1 Shanxi XiaoShan 123456789
2 Shanxi 20160910001 20160910 XiaoWu G 5 12.000000 5
3 20160910001 2016091000101 20160902 Renminribao 123456789 1
1 Shanghai Xiaoshang 123456789
2 Shanghai 20160902002 20160902 XiaoSun H 2 1000.000000 100
3 20160902002 2016090200201 20160901 Tencent 123456789123 4
3 20160902002 2016090200202 20160902 Renminribao 123456789 1
3 20160902002 2016090200203 20160902 CCTV 123456789 3
3 20160902002 2016090200204 20160901 Tencent 123456789123 4
1 Sichuan Xiaosi 123456789
1 Hunan Xiaonan 123456789
1 Zhejiang Xiaozhe 123456789
1 Hebei Xiaohe 123456789
2 Hebei 20160920002 20160920 Xiaoli H 2 1000.000000 100
1 Tianjin Xiaotian 123456789
2 Tianjin 20160901003 20160901 Xiaojin B 5 20.000000 8
