20160901001 2016090100101 20160901 Tencent 233 2
20160901001 2016090100102 20160902 Renminribao 123456789 1
20160901001 2016090100103 20160902 CCTV 123456789 3
20160902001 2016090200101 20160902 CCTV 123456789 3
20160828001 2016082800101 20160902 CCTV 123456789 3
20160901002 2016090100201 20160901 Tencent 123456789123 4
20160901002 2016090100202 20160902 Renminribao 123456789 1
20160910001 2016091000101 20160902 Renminribao 123456789 1
20160902002 2016090200201 20160901 Tencent 123456789123 4
20160902002 2016090200202 20160902 Renminribao 123456789 1
20160902002 2016090200203 20160902 CCTV 123456789 3
20160902002 2016090200204 20160901 Tencent 123456789123 4
